{
    "camera_angle_x": 0.5235987755982988,
    "frames": [
        {
            "file_path": "./train/r_0",
            "rotation": 0.0,
            "transform_matrix": [
                [
                    -0.4887346923351288,
                    0.7496535778045654,
                    0.446271151304245,
                    1.798962950706482
                ],
                [
                    0.8724324703216553,
                    0.41995424032211304,
                    0.25000008940696716,
                    1.0077749490737915
                ],
                [
                    9.99999993922529e-09,
                    0.5115251541137695,
                    -0.859268307685852,
                    -3.4637951850891113
                ],
                [
                    9.99999993922529e-09,
                    9.99999993922529e-09,
                    9.99999993922529e-09,
                    1.0
                ]
            ]
        },
        {
            "file_path": "./train/r_1",
            "rotation": 0.0,
            "transform_matrix": [
                [
                    0.9926720261573792,
                    -0.09777398407459259,
                    -0.07101000100374222,
                    -0.2862483859062195
                ],
                [
                    -0.1208394467830658,
                    -0.8031938672065735,
                    -0.5833330750465393,
                    -2.351473569869995
                ],
                [
                    9.99999993922529e-09,
                    0.5876392126083374,
                    -0.8091230988502502,
                    -3.261655569076538
                ],
                [
                    9.99999993922529e-09,
                    9.99999993922529e-09,
                    9.99999993922529e-09,
                    1.0
                ]
            ]
        },
        {
            "file_path": "./train/r_2",
            "rotation": 0.0,
            "transform_matrix": [
                [
                    -0.9366990327835083,
                    -0.20976164937019348,
                    -0.2803479731082916,
                    -1.130110740661621
                ],
                [
                    -0.35013559460639954,
                    0.561164140701294,
                    0.7499999403953552,
                    3.023324966430664
                ],
                [
                    9.99999993922529e-09,
                    0.8006840348243713,
                    -0.5990869402885437,
                    -2.4149794578552246
                ],
                [
                    9.99999993922529e-09,
                    9.99999993922529e-09,
                    9.99999993922529e-09,
                    1.0
                ]
            ]
        },
        {
            "file_path": "./train/r_3",
            "rotation": 0.0,
            "transform_matrix": [
                [
                    0.0986260175704956,
                    -0.532253623008728,
                    -0.8408204913139343,
                    -3.3894293308258057
                ],
                [
                    -0.9951245784759521,
                    -0.05275122821331024,
                    -0.08333304524421692,
                    -0.3359236419200897
                ],
                [
                    9.99999993922529e-09,
                    0.8449399471282959,
                    -0.5348613262176514,
                    -2.1560781002044678
                ],
                [
                    9.99999993922529e-09,
                    9.99999993922529e-09,
                    9.99999993922529e-09,
                    1.0
                ]
            ]
        },
        {
            "file_path": "./train/r_4",
            "rotation": 0.0,
            "transform_matrix": [
                [
                    0.2536330223083496,
                    0.16313618421554565,
                    0.95344477891922,
                    3.8434319496154785
                ],
                [
                    0.967300534248352,
                    -0.04277544468641281,
                    -0.24999992549419403,
                    -1.0077749490737915
                ],
                [
                    9.99999993922529e-09,
                    0.9856758713722229,
                    -0.16865095496177673,
                    -0.6798490285873413
                ],
                [
                    9.99999993922529e-09,
                    9.99999993922529e-09,
                    9.99999993922529e-09,
                    1.0
                ]
            ]
        },
        {
            "file_path": "./train/r_5",
            "rotation": 0.0,
            "transform_matrix": [
                [
                    0.9166666269302368,
                    9.008576995483963e-09,
                    -0.39965277910232544,
                    -1.6110410690307617
                ],
                [
                    -0.3996528089046478,
                    7.726014494835454e-09,
                    -0.916666567325592,
                    -3.695176124572754
                ],
                [
                    9.99999993922529e-09,
                    1.0,
                    7.51928830311499e-09,
                    9.99999993922529e-09
                ],
                [
                    9.99999993922529e-09,
                    9.99999993922529e-09,
                    9.99999993922529e-09,
                    1.0
                ]
            ]
        },
        {
            "file_path": "./train/r_6",
            "rotation": 0.0,
            "transform_matrix": [
                [
                    -0.6135407090187073,
                    -0.24472686648368835,
                    0.7507839798927307,
                    3.0264852046966553
                ],
                [
                    0.7896630764007568,
                    -0.19014424085617065,
                    0.5833330154418945,
                    2.351473569869995
                ],
                [
                    9.99999993922529e-09,
                    0.9507649540901184,
                    0.3099130094051361,
                    1.2492902278900146
                ],
                [
                    9.99999993922529e-09,
                    9.99999993922529e-09,
                    9.99999993922529e-09,
                    1.0
                ]
            ]
        },
        {
            "file_path": "./train/r_7",
            "rotation": 0.0,
            "transform_matrix": [
                [
                    -0.4385349452495575,
                    0.2802567780017853,
                    -0.8538988828659058,
                    -3.4421520233154297
                ],
                [
                    -0.8987141251564026,
                    -0.13675358891487122,
                    0.41666698455810547,
                    1.6796263456344604
                ],
                [
                    9.99999993922529e-09,
                    0.9501340389251709,
                    0.3118419647216797,
                    1.257066249847412
                ],
                [
                    9.99999993922529e-09,
                    9.99999993922529e-09,
                    9.99999993922529e-09,
                    1.0
                ]
            ]
        },
        {
            "file_path": "./train/r_8",
            "rotation": 0.0,
            "transform_matrix": [
                [
                    -0.9915942549705505,
                    0.04933958128094673,
                    -0.11960995942354202,
                    -0.482159823179245
                ],
                [
                    -0.129386767745018,
                    -0.3781285285949707,
                    0.9166667461395264,
                    3.695176124572754
                ],
                [
                    9.99999993922529e-09,
                    0.924437403678894,
                    0.3813339173793793,
                    1.5371954441070557
                ],
                [
                    9.99999993922529e-09,
                    9.99999993922529e-09,
                    9.99999993922529e-09,
                    1.0
                ]
            ]
        },
        {
            "file_path": "./train/r_9",
            "rotation": 0.0,
            "transform_matrix": [
                [
                    0.8383291959762573,
                    -0.24357660114765167,
                    0.4877238869667053,
                    1.9660640954971313
                ],
                [
                    0.5451643466949463,
                    0.3745611906051636,
                    -0.7499998807907104,
                    -3.023324966430664
                ],
                [
                    9.99999993922529e-09,
                    0.8946363925933838,
                    0.44679489731788635,
                    1.8010752201080322
                ],
                [
                    9.99999993922529e-09,
                    9.99999993922529e-09,
                    9.99999993922529e-09,
                    1.0
                ]
            ]
        },
        {
            "file_path": "./train/r_10",
            "rotation": 0.0,
            "transform_matrix": [
                [
                    0.6016961932182312,
                    0.5762242078781128,
                    -0.5531070232391357,
                    -2.2296295166015625
                ],
                [
                    -0.7987250685691833,
                    0.43408167362213135,
                    -0.41666701436042786,
                    -1.6796263456344604
                ],
                [
                    9.99999993922529e-09,
                    0.6924874186515808,
                    0.7214300036430359,
                    2.908156394958496
                ],
                [
                    9.99999993922529e-09,
                    9.99999993922529e-09,
                    9.99999993922529e-09,
                    1.0
                ]
            ]
        },
        {
            "file_path": "./train/r_11",
            "rotation": 0.0,
            "transform_matrix": [
                [
                    -0.3066064119338989,
                    -0.9160056710243225,
                    0.25870105624198914,
                    1.0428495407104492
                ],
                [
                    0.9518364071846008,
                    -0.2950645983219147,
                    0.08333303034305573,
                    0.3359236419200897
                ],
                [
                    9.99999993922529e-09,
                    0.2717915177345276,
                    0.9623562097549438,
                    3.8793530464172363
                ],
                [
                    9.99999993922529e-09,
                    9.99999993922529e-09,
                    9.99999993922529e-09,
                    1.0
                ]
            ]
        }
    ]
}